CUST    NO.    XCOORD.    YCOORD.    DEMAND    READY    TIME    DUE    DATE    SERVICE    TIME
2    70    70    0    0    1351    0
3    33    78    20    750    809    90
4    59    52    20    553    602    90
5    10    137    30    147    219    90
6    4    28    10    616    661    90
7    25    26    20    128    179    90
8    86    37    10    478    531    90
9    1    109    10    616    680    90
10    6    135    40    351    386    90
11    32    79    20    655    721    90
12    24    26    20    219    271    90
13    86    36    20    384    443    90
14    95    35    10    196    252    90
15    63    50    10    364    416    90
16    100    106    10    567    626    90
17    99    112    20    846    911    90
18    36    135    10    598    669    90
19    57    59    10    824    890    90
20    8    124    10    231    298    90
21    85    106    20    186    253    90
22    103    69    30    33    93    90
23    109    131    20    72    141    90
24    43    140    10    410    470    90
25    115    134    30    140    199    90
26    98    70    10    467    511    90
27    112    67    10    462    534    90
28    102    104    20    201    258    90
29    93    75    30    178    238    90
30    90    104    20    845    910    90
31    127    108    10    677    743    90
32    84    99    20    32    102    90
33    113    69    20    370    440    90
34    129    9    10    84    147    90
35    18    38    30    582    638    90
36    30    27    10    772    835    90
37    25    80    20    380    440    90
38    17    37    30    493    544    90
39    32    106    10    602    657    90
40    43    135    10    215    293    90
41    61    59    20    931    971    90
42    104    106    20    390    434    90
43    109    71    20    95    163    90
44    121    110    30    870    923    90
45    61    48    20    448    517    90
46    74    99    20    176    243    90
47    89    73    10    19    94    90
48    21    25    20    405    453    90
49    99    28    30    392    442    90
50    101    96    10    101    160    90
51    9    114    20    904    954    90
52    121    112    20    221    277    90
53    137    6    10    611    678    90
54    118    131    20    782    857    90
55    34    82    10    928    1000    90
56    4    125    30    319    398    90
57    26    105    40    115    179    90
58    35    123    20    1130    1198    90
59    21    48    10    53    123    90
60    21    115    10    306    376    90
61    99    108    20    952    992    90
62    1    34    20    77    132    90
63    94    70    20    556    610    90
64    74    93    20    23    66    90
65    32    128    20    1079    1123    90
66    94    73    10    741    791    90
67    135    3    20    250    300    90
68    97    28    20    110    170    90
69    59    56    20    745    780    90
70    80    97    10    457    518    90
71    134    31    20    508    566    90
72    103    34    30    577    636    90
73    30    79    20    561    632    90
74    4    30    40    693    768    90
75    87    39    20    35    92    90
76    90    101    10    933    1008    90
77    119    136    30    334    384    90
78    78    92    30    555    610    90
79    110    66    10    650    710    90
80    62    58    20    173    229    90
81    127    112    20    595    636    90
82    113    71    10    286    341    90
83    34    104    10    683    760    90
84    2    28    10    148    199    90
85    17    43    10    205    279    90
86    1    24    10    333    385    90
87    112    71    20    193    252    90
88    135    0    10    331    405    90
89    125    108    20    778    825    90
90    8    138    30    234    316    90
91    103    111    20    668    719    90
92    57    53    10    641    697    90
93    98    31    20    480    541    90
94    116    132    10    870    953    90
95    28    99    10    51    93    90
96    137    3    20    522    581    90
97    29    28    10    865    925    90
98    94    105    10    656    728    90
99    92    107    30    465    532    90
100    10    134    10    629    677    90
101    34    79    10    841    902    90
102    94    72    20    647    703    90
103    35    76    10    35    91    90
104    76    99    20    273    330    90
105    127    28    30    128    195    90
106    8    119    20    142    197    90
107    102    110    10    754    814    90
108    24    24    10    583    647    90
109    64    61    20    1011    1077    90
110    22    38    20    950    1003    90
111    88    72    30    925    979    90
112    107    63    30    748    800    90
113    33    131    30    979    1037    90
114    123    112    20    405    459    90
115    67    55    10    15    62    90
116    39    128    10    65    133    90
117    136    0    30    426    491    90
118    93    36    20    98    166    90
119    7    115    10    801    872    90
120    21    44    20    115    180    90
121    28    74    20    188    260    90
122    86    102    10    93    159    90
123    19    37    20    665    738    90
124    84    36    10    568    626    90
125    118    108    10    972    1008    90
126    132    24    10    311    384    90
127    6    25    10    516    574    90
128    28    78    10    479    529    90
129    2    132    10    526    584    90
130    22    22    10    494    550    90
131    88    35    20    285    358    90
132    94    104    10    754    813    90
133    74    96    30    80    153    90
134    0    117    30    515    585    90
135    99    96    10    38    93    90
136    119    114    20    128    185    90
137    28    107    20    206    275    90
138    133    12    10    797    874    90
139    35    102    10    877    938    90
140    36    105    20    776    852    90
141    84    39    20    659    720    90
142    34    138    20    704    749    90
143    136    29    10    406    482    90
144    33    133    20    890    941    90
145    16    39    20    314    358    90
146    32    77    20    100    157    90
147    122    131    20    608    661    90
148    77    100    20    356    429    90
149    96    26    10    202    262    90
150    127    29    20    70    141    90
151    91    95    20    1036    1097    90
152    42    136    10    310    381    90
153    36    132    10    509    571    90
154    103    106    30    296    347    90
155    107    105    10    472    539    90
156    96    74    10    351    437    90
157    63    57    10    79    140    90
158    122    113    20    307    374    90
159    14    131    10    712    784    90
160    30    31    20    960    1016    90
161    40    132    20    137    182    90
162    99    26    40    287    363    90
163    10    118    10    76    144    90
164    102    60    30    840    900    90
165    120    136    10    417    482    90
166    97    29    30    49    119    90
167    19    39    10    764    823    90
168    27    77    10    284    349    90
169    30    24    20    673    748    90
170    126    112    10    507    543    90
171    105    110    20    567    634    90
172    118    114    10    65    126    90
173    135    6    30    153    210    90
174    111    66    20    561    617    90
175    95    77    10    278    325    90
176    139    10    30    723    756    90
177    61    54    10    262    329    90
178    16    38    20    387    466    90
179    16    138    10    86    142    90
180    91    78    10    88    141    90
181    91    71    20    829    890    90
182    0    27    30    241    292    90
183    6    113    20    720    768    90
184    119    139    20    234    298    90
185    35    99    20    976    1025    90
186    31    112    20    401    481    90
187    5    119    20    425    484    90
188    3    135    20    433    491    90
189    30    136    10    792    850    90
190    20    39    10    855    913    90
191    131    11    10    895    960    90
192    28    33    20    55    128    90
193    4    23    10    414    491    90
194    87    108    20    275    350    90
195    21    26    20    311    365    90
196    121    134    20    517    567    90
197    119    130    20    692    765    90
198    91    108    10    384    430    90
199    130    27    30    229    280    90
200    101    107    10    1038    1090    90
201    34    108    10    506    566    90
202    131    31    20    604    657    90
